2.193857862439584361e-01 1.072211756219895173e-01 1.898616145787637155e-01 -7.656702109946500467e-02 -4.923388940973638661e-02 -1.075280300103085285e-01 1.190714813128956884e-02 -3.872480410052117072e-01 4.742970128609493852e-01 -5.187229664109893612e-03 4.536147853752624526e-01 -1.930341067710511505e-01 2.734234288342760610e-01 -1.868552014084753354e-01 -1.976214405449182587e-01 2.730626918578287210e-01 -1.555832593386116125e-01 4.750001955783677010e-01 -4.718958818106622211e-01 2.473493091084899564e-02
2.002522558479685744e-01 -2.009104248705759765e-01 -4.390368164151458030e-01 1.277969168740836770e-01 1.665547085090657298e-02 -4.829668566140586927e-01 -3.563578267611972050e-01 1.372318779175816239e-01 3.445404809488165077e-01 -9.220473918483496067e-02 2.305757520471523048e-01 -2.933189692121325187e-01 -4.759755329213420927e-01 -3.564564858314200890e-01 -2.132373927892439180e-02 -2.977433883827923511e-01 -2.301238965053202801e-01 -4.829230215684127137e-01 -2.605636563326801936e-01 3.766286744953111221e-01
-2.326856427989995035e-01 4.270753649179775957e-01 4.081204207103822368e-01 -1.995003553234734328e-01 -5.823268587786578632e-02 1.870133303669410108e-01 4.645871534781975676e-02 4.047726651911300877e-01 1.223211910354053966e-01 4.296816881297510493e-01 4.446863451394214017e-01 1.312680881253984744e-01 2.548936994907549103e-01 -2.947153923962987365e-01 -3.147441298050490666e-02 -2.472718924137884411e-02 -1.005471796368300197e-01 1.324628699434665657e-01 5.465358945979992278e-03 -4.524718908187289612e-01
-4.829110045065453383e-01 2.056622221309950538e-01 2.477516503941006309e-01 1.317684875620235285e-01 2.221593860363648698e-01 8.073824048739475234e-02 -1.408583109783712040e-02 -2.927937903612041204e-01 -2.518468024972841945e-02 1.398344108789303375e-01 -4.985968599414480895e-02 -7.703609796061849924e-02 -1.959402894022409525e-01 -4.702321371335238531e-01 3.966456108809838232e-01 -3.419667049940027237e-01 2.719547580782559759e-01 -1.525899655439106883e-01 5.936173200856031951e-02 2.906316199141703027e-01
3.669800382259298388e-01 2.179523726411856099e-01 -2.174063180411824892e-01 -1.589813314828003588e-02 -4.538001307469942125e-01 -2.056634969607856744e-01 -3.610479162954068899e-01 -1.785924684923438921e-01 -4.684726555140209525e-01 -2.960022182432456850e-01 -8.192237688172654408e-02 2.382764776152132002e-01 2.382740897504563859e-01 2.443820266227152427e-01 -4.801373877935715129e-01 -2.988408769293714462e-01 -2.240425706983012466e-01 -3.156133560347326172e-01 -6.180796266510146797e-02 -4.895079206982464459e-01
-2.964325710342592402e-01 -3.878540509246545254e-01 -4.400691924149399137e-01 1.968211206528637236e-01 -1.520671003856913783e-01 -4.165509046103763602e-01 1.803580386723625528e-01 1.426552004704628729e-02 -3.946565449417009930e-01 2.386060578268589527e-01 4.000048426844249327e-01 -4.202755237660216192e-01 3.640894107758503306e-01 3.785903067577300884e-02 3.939428723129895227e-01 -1.581150685207917128e-01 -1.186167837668266056e-01 -4.057633902498178902e-01 3.407842912153038473e-01 -2.301777855061779565e-01
-2.542090270057073553e-01 4.531513252601739872e-01 1.438709077178191853e-01 3.998696231650012978e-01 -4.818540234401218481e-01 1.170166021917663501e-01 -3.745841122777928689e-01 -3.969593347827258256e-01 2.441943285902270500e-01 -1.293269639402128135e-01 -3.912248585830785386e-01 2.181712699056185256e-01 3.431883890929127157e-01 2.655097887720113681e-01 2.908010818486471694e-01 -1.566433963328286438e-01 8.073095113663653066e-02 3.227501056915242916e-01 -2.866552633391646898e-01 7.899731183373703836e-02
-4.818789499300535351e-01 -9.006095604070296634e-02 1.287895995972112573e-01 -1.022739051251411180e-01 4.651441004520613376e-01 2.963931916332046557e-01 -4.835470037957595446e-01 -4.298328249154226288e-02 -4.739648466284710482e-01 6.333647066971448414e-02 -7.365972892524053073e-03 -1.338389696278472485e-01 -3.343722837654321545e-01 -2.006430221832314897e-01 4.823007950341879901e-01 -1.504269646611291478e-01 1.353299281785991237e-01 -3.957972186455882557e-03 -3.089186262561677276e-01 -5.429296634460945015e-02
2.486325795470956113e-01 2.356108796716884779e-01 -2.481870880960144188e-01 -5.755459570320009544e-02 1.103382526212620673e-01 3.195003221168476459e-01 -4.664385999758837720e-01 1.493705278844725814e-01 5.075254654937277898e-02 3.725311759853893179e-01 -1.273020477791737548e-01 3.920794951793800109e-01 -1.395419436785058087e-01 -1.753763154557511639e-01 2.866127564023958074e-01 4.476385789532588699e-02 -3.907195505127637469e-01 1.413548921340526121e-01 -2.076569105218097899e-01 -1.396411347946381332e-01
3.408530294413057993e-01 -2.422811105013636945e-01 -3.852967195665821798e-01 2.049519176559936318e-01 -2.520885928834547540e-01 -2.592212350563343204e-01 4.965748900644354480e-01 -1.676178264983910760e-01 -1.120099301276205050e-01 -1.712269534782482339e-01 -2.527625609953714214e-01 -2.444448359616752109e-01 -5.915552655133871074e-02 -3.468911012849222875e-01 2.314665553129826581e-01 2.463579226999630389e-01 -6.423641783202294064e-02 -2.260195183878677128e-02 -3.241261820945730010e-01 7.214480435012649018e-02
