5.620000000000000551e-01 2.000000000000000000e+00
2.129999999999999671e-01 1.000000000000000000e+01
5.620000000000000551e-01 2.000000000000000000e+00
2.129999999999999671e-01 1.000000000000000000e+01
3.770000000000000018e-01 3.000000000000000000e+00
2.189999999999999725e-01 5.000000000000000000e+00
2.189999999999999725e-01 5.000000000000000000e+00
2.189999999999999725e-01 5.000000000000000000e+00
2.129999999999999671e-01 1.000000000000000000e+01
5.620000000000000551e-01 2.000000000000000000e+00
