7.215729864794850901e-01 8.779015324901677797e-01 2.907005851113441341e+00 9.468128626503629164e+01 9.354320334503817946e+00
9.306651521789880421e-01 9.008279178192797332e-01 1.031472401192598376e+01 9.455089466623689987e+01 9.183018814651186190e+00
8.165502745803593365e-01 9.518632155651393090e-01 2.874030967450319274e+00 9.474973966877165310e+01 9.183018814651186190e+00
8.165502745803593365e-01 9.008279178192797332e-01 1.031472401192598376e+01 9.455185073938061180e+01 9.183018814651186190e+00
7.117492559440318223e-01 8.854815513950321515e-01 3.880554579904666124e+00 9.486450366856306005e+01 9.183018814651186190e+00
8.165502745803593365e-01 9.518632155651393090e-01 5.874129217744012088e+00 9.456020930479577657e+01 9.183018814651186190e+00
1.024978888643812702e+00 9.518632155651393090e-01 5.901793083674636620e+00 9.474973966877165310e+01 9.183018814651186190e+00
8.165502745803593365e-01 9.518632155651393090e-01 5.901793083674636620e+00 9.474973966877165310e+01 9.183018814651186190e+00
8.165502745803593365e-01 9.281594296161663760e-01 1.017009725464247794e+01 9.485738811062225295e+01 9.183018814651186190e+00
8.165502745803593365e-01 9.518632155651393090e-01 2.874030967450319274e+00 9.475069574191536503e+01 9.183018814651186190e+00
